1021 3
1364
2599 7
3910
5429 12
5479
7303 18
8372
11123 27
11164
12091 30
12908
13510 32
13571
14168 34
14985
15886 37
16064
19112 47
19153
20080 50
20897
21499 52
21560
22157 54
23220
24142 57
24363
24663 58
24841
27894 68
27935
28858 71
29675
30281 73
30342
30943 75
32204
33122 78
33447
33747 79
33925
37007 89
37127
38331 93
39175
40707 98
41544
42146 100
42207
43435 104
43512
44117 106
45084
45384 107
45473
47300 113
47478
49345 119
49406
50612 123
53125
56483 134
56520
59911 145
60013
60316 146
60348
